date,policy,Restrict/Close,Opening (State),Deferring to County,Testing,Education,Health/Medical,Emergency Level,Transportation,Budget,Social Distancing,Other,Vaccine
10-Mar-20,Governor DeWine issued a recommendationon limiting large indoor gatherings.,Y,,,,,,,,,,,
12-Mar-20,"Governor DeWine announced that all schools will be closed for three weeks beginning on Monday, March 16.",Y,,,,Y,,,,,,,
15-Mar-20," The Governor ordered all Ohio bars and restaurants to close, with only take-out and delivery options available.",Y,,,,,,,,,,,
16-Mar-20,The Governor issued an order regarding the closure of all polling locations on March 17.,Y,,,,,,,,,,,
17-Mar-20, The Ohio Department of Job and Family Services implemented emergency measures to ensure communities have access to childcare.,,,,,,,,,,,Y,
18-Mar-20," The Governor authorized the Ohio National Guard to assist state and local governments execute laws and respond to state emergencies, such as distributing food and supplies.",,,,,,,,,,,Y,
19-Mar-20, The Governor issued an executive order expanding access to health care services through telemedicine for Medicaid beneficiaries.,,,,,,Y,,,,,,
20-Mar-20, The Governor ordered all senior living centers to stop providing adult day care services in congregate care settings.,Y,,,,,,,,,,,
20-Mar-20, The Ohio Department of Insurance issued an order for insurers to allow employers to offer employees a grace period (up to 60 calendar days from original premium due date) for insurance premiums.,,,,,,,,,,,Y,
20-Mar-20," The Governor announced that adult day services for individuals with developmental disabilities will be ordered to close, with the exceptions for groups of less than 10.",Y,,,,,,,,,,,
21-Mar-20, The Ohio Bureau of Workers Compensation announced that insurance premium installment payments due for March through May for the current policy year may be deferred until June 1.,,,,,,,,,,,Y,
21-Mar-20, The Ohio Department of Transportation announced the agency will issue waivers on a rolling basis for haulers carrying heavy or oversized loads of essential goods.,,,,,,,,,,,Y,
21-Mar-20, The Ohio Department of Health issued a Directors Order closing all internet cafes.,Y,,,,,,,,,,,
22-Mar-20," The Ohio Department of Health issued a Stay at Home order which directs citizens of Ohio to stay at home or place of residence, ceases all non-essential business and operations, prohibits public and private gatherings, and prohibits some travel, among other things.",Y,,,,,,,,,,,
22-Mar-20, The Ohio Board of Pharmacy passed a rule relating to prescribing chloroquine and hydroxychloroquine for COVID-19 treatment.,,,,,,Y,,,,,Y,
23-Mar-20, The Governor announced that any child care facility that remains open to care for children under a Temporary Pandemic Child Care license must give first priority to front line workers.,,,,,,,,,,,Y,
26-Mar-20," The Governor announced an expanded data dashboard that displays the most recent preliminary data reported to the Ohio Department of Health about COVID-19 cases, hospitalizations, and deaths in Ohio by selected demographics and county of residence.",,,,,,,,,,,Y,
27-Mar-20,"The Governor signed House Bill 197 which provides emergency relief to Ohioans. Specifically, the bill, among other things: Waives state testing requirements for school children this year; Extends professional licenses to those who cannot get them renewed; Extends the income tax deadline to July 15, 2020; and Provides funding for small businesses, such as day cares and services for the disabled.",,,,,,,,,,,Y,
28-Mar-20," The Governor made an urgent plea to the U.S. Food and Drug Administration to issue an emergency waiver for the use of new technology that could sterilize up to 160,000 used N95 personal protective face masks per day in the state. Additionally, the Governor issued a plea to LabCorp and Quest Diagnostics to provide COVID-19 testing results to the Ohio Department of Health immediately.",,,,,,Y,,,,,,
30-Mar-20," The Governor made several announcements related to the states ongoing pandemic response: School closures have been extended through the end of April; The formation of a Homelessness Team to help people who may rely on homeless shelters, domestic shelters, group homes, and recovery housing; Inmates incarcerated in state correctional facilities have begun making gowns, cough masks, hand sanitizer, and face shields.",Y,,,,,,,,,,Y,
31-Mar-20," The Department of Health issued a Directors Order to require any entity involved in the supply chain, from creation through end use, to report and disclose their inventory of ventilators no later than 5:00PM ET each Wednesday.",,,,,,Y,,,,,,
1-Apr-20, The Governor issued Executive Order 2020-08D requesting landlords suspend rent payments for small business commercial tenants and provide a moratorium of evictions of small business commercial tenants for a period of 90 days.,,,,,,,,,,,Y,
1-Apr-20," The Governor announced the establishment of a public-private partnership, the Ohio Manufacturing Alliance to Fight COVID-19, that will coordinate efforts to provide healthcare workers and first responders with personal protective equipment.",,,,,,Y,,,,,,
1-Apr-20," The Ohio Department of Health Director signed an order to speed turnaround time of COVID-19 testing by directing Ohio hospitals that do not currently conduct their own testing to send their specimens to one of four laboratories outlined in the order. Additionally, hospitals are directed to immediately begin utilizing rapid tests as soon as they become available.",,,,Y,,,,,,,,
1-Apr-20," The Governor announced a new partnership with the U.S. Department of Agriculture Food and Nutrition Service and grocery stores to develop a click and collect option for SNAP recipients. The partnership allows SNAP recipients to order groceries online, pick up their groceries in their cares, and swipe their EBT cards from their vehicles without entering the store.",,,,,,,,,,,Y,
1-Apr-20," The Governor announced the President approved the governors request for a major disaster declaration to provide relief for state and local response efforts associated with emergency protective measures, such as emergency operations center operations, fire and police services, emergency medical care, sheltering, among other things.",,,,,,,,,,,Y,
2-Apr-20,The Governor announced several state actions to strengthen response and recovery efforts: Extending the stay and home order through May 1; Creating an Economic Advisory Board to assist the administration work through the economic issues facing Ohio; and Implementing a website geared toward matching essential businesses with Ohioans who are able and willing to work as an essential employee.,Y,,,,,,,,,,Y,
3-Apr-20, The Governor announced that The Ohio State University Wexner Medical Center is partnering with the Ohio Department of Health to help increase the availability of testing supplies. ,,,,Y,,,,,,,,
3-Apr-20, Lt. Governor Jon Husted announced that Battelle and JobsOhio have partnered to provide free N95 masks sanitizing for hospitals for the next two weeks. ,,,,,,Y,,,,,,
3-Apr-20," The Governor announced that he recommended the early release of 38 prison inmates. To this end, the Governor will send a letter to the judges who presided over these cases and encourage them to grant early release. ",,,,,,,,,,,Y,
3-Apr-20," The Ohio Department of Education released a special guide to assist schools, educators, students, parents, and caregivers as they navigate remote learning. ",,,,,Y,,,,,,,
4-Apr-20," The Governor, Lt. Governor, and the Director of the Ohio Department of Health urged Ohioans to begin wearing cloth masks while in public.",,,,,,Y,,,,,,
4-Apr-20," The Governor signed an executive order allowing Ohioans to more easily access telehealth services from individual counselors, social workers, and marriage and family counselors. ",,,,,,Y,,,,,,
4-Apr-20, Lt. Governor Husted announced that BroadbandOhio has been working with providers to find public WiFi locations for Ohioans who may not otherwise have access to internet from home. A list of hotspot finders and locations by provider can be found here.,,,,,,,,,,,Y,
4-Apr-20," The JobsOhio Innovation Fund will make loans available to eligible businesses during the COVID-19 crisis. They will use convertible loans, side by side with cash co-invested from existing investors, toward Ohios most promising and innovative companies. ",,,,,,,,,,,Y,
6-Apr-20, The Governor announced six sites have been selected as alternative care facilities to increase medical surge. ,,,,,,Y,,,,,,
6-Apr-20, The Governor authorized the Ohio National Guard to assist in the Elkton Federal Correctional Institutions infirmary with non-COVID-19 cases and with patients who are showing symptoms of the disease. ,,,,,,,,,,,Y,
7-Apr-20," The Ohio Liquor Control Commission passed an emergency rule, allowing establishments with an existing on-premises liquor permit to sell and deliver alcohol for off-premises consumption.",,,,,,,,,,,Y,
7-Apr-20," The Ohio Development Services Agency established the Office of Small Business Relief, that will:Serve as the lead state agency for administering federal recovery funds for small business support and recovery;Work with federal, state, and local partners to evaluate and determine possible regulatory reforms that encourage employment and job creation; and, Coordinate efforts of Ohios Small Business Development Centers and Minority Business Assistance Centers. ",,,,,,,,,,,Y,
7-Apr-20, The Ohio Department of Rehabilitation and Corrections recommended that certain inmates scheduled to be released in the next 90 days be released sooner to allow for increased social distancing between prison staff and inmates. ,,,,,,,,,,,Y,
7-Apr-20, The Ohio Department of Job and Family Services announced that those who did not already receive the maximum monthly allotment for their household size from the Supplemental Nutrition Assistance Program in March will be issued an additional payment beginning this week. ,,,,,,,,,,,Y,
8-Apr-20," The Governor requested the Ohio Bureau of Workers Compensation to provide $1.6 billion to Ohio employers, equal to 100 percent of the premium employers paid in policy year 2018. ",,,,,,,,,,,Y,
9-Apr-20," The Governor announced that through the Ohio Manufacturing Alliance, 19 manufacturers have partnered with three hospital groups to begin large scale production of face shields. ",,,,,,Y,,,,,,
9-Apr-20," The Lt. Governor announced that The Christ Hospital Linder Research Center in Cincinnati received approval from the U.S. Food and Drug Administration to begin treating high-risk patients with convalescent plasma, an approach that holds potential for reducing a patients risk of dying. ",,,,,,Y,,,,,,
9-Apr-20," In partnership with the Ohio Manufacturing Alliance, JobsOhio is connecting and aligning resources through its network partners to help companies accelerate their ability to produce PPE. ",,,,,,Y,,,,,,
10-Apr-20," JobsOhio is subsidizing up to $250,000 toward the first two-week supply of PPE for health care workers and first responders at no cost through a partnership with Battelle. ",,,,,,Y,,,,,,
10-Apr-20, The Governor announced that Medicaid managed care plans and MyCare Ohio plans have reached an agreement to ease several pharmacy benefit restrictions. ,,,,,,Y,,,,,,
10-Apr-20, The Lt. Governor announced that the U.S. Food and Drug Administration granted STERIS Healthcare in Mentor a temporary Emergency Use Authorization for contaminating compatible N95 and N95-equivalent respirators. ,,,,,,Y,,,,,,
10-Apr-20," The Governor announced that JobsOhio has procured more than 1 million ounces of Ohio distillery made hand sanitizer, to be distributed to the Ohio Association foodbanks. ",,,,,,,,,,,Y,
10-Apr-20, The Governor announced a temporary permit from the Ohio Department of Transportation that will allow food vendors to sell food to truck drivers and other essential personnel who stop at any of the states 86 rest areas.  ,,,,,,,,,,,Y,
13-Apr-20, The Department of Health issued an order requiring long-term care facilities to notify residents and families within 24 hours of a resident or staff member testing positive for the virus. ,,,,,,Y,,,,,,
13-Apr-20, The Department of Health issued an order restricted the sale of in-person liquor in six border counties to Ohio residents. ,,,,,,,,,,,Y,
13-Apr-20, The Governor authorized members of the Ohio National Guard to support the Department of Rehabilitation and Correction (ODRC) medical staff at the Pickaway Correctional Institution. ,,,,,,,,,,,Y,
14-Apr-20, The Department of Health issued an order requiring local health departments to provide to their jurisdictions dispatch agency or agencies the names and address of COVID-19 positive individuals. ,,,,,,Y,,,,,,
14-Apr-20," The Lt. Governor announced that 667 critical employers  including Amazon, Walmart, and CVS Health  have listed roughly 41,000 essential job openings on the states job search portal. ",,,,,,,,,,,Y,
15-Apr-20, The Governor asked the Ohio Hospital Association to begin developing a plan to begin treating patients whose non-COVID-19 elective procedures were delayed or deferred during the emergency. ,,,,,,Y,,,,,,
15-Apr-20, The Governor announced the expansion of Ohios partnership with Battelle to extend their sterilization services to law enforcement agencies and EMS providers. ,,,,,,Y,,,,,,
15-Apr-20," The Governor announced the Ohio State University will be creating viral transport media, such as sterile solution needed to transport the swabs. ",,,,,,Y,,,,,,
15-Apr-20, The Governor announced the early release of 105 prison inmates who had been scheduled to be released in the next 90 days. ,,,,,,,,,,,Y,
16-Apr-20," The Governor announced they are working closely with the governors of Illinois, Indiana, Kentucky, Michigan, Minnesota and Wisconsin to reopen the regions economy in a coordinated way. ",,,,,,,,,,,Y,
16-Apr-20, The Governor announced the state will begin a phased reopening of the state economy on May 1. ,,,,,,,,,,,Y,
17-Apr-20," The Governor announced comprehensive testing of inmates has begun at Marion Correctional Institution, Pickaway Correctional Institution and Franklin Medical Center. ",,,,,,,,,,,Y,
20-Apr-20, The Governor announced that K-12 schools will remain closed for the remainder of the 2019  2020 academic year. ,Y,,,,Y,,,,,,,
20-Apr-20, The Governor formed the Minority Health Strike Force to examine the disproportionate impacts of COVID-19 on minority groups in Ohio and across the country. ,,,,,,,,,,,Y,
20-Apr-20," The Governor directed the Ohio Department of Health to collect more specific information regarding cases of COVID-19 in nursing homes, assisted living facilities and hospitals. ",,,,,,Y,,,,,,
20-Apr-20, The Governor announced LabCorp and Quest no longer have a backlog of samples and have added more testing capacity to process testing samples received from hospitals. ,,,,Y,,,,,,,,
21-Apr-20, The Governor announced the formation of a testing strike team that will work to secure reliable sources of reagents and testing supplies for COVID-19. ,,,,,,Y,,,,,,
21-Apr-20," The Governor announced the Ohio Department of Agriculture has waived the required $50,000 local match for the Agriculture Society Facilities Grant Program to assist local budgets and businesses bottom lines. ",,,,,,,,,,,Y,
21-Apr-20, JobsOhio announced a new partnership to support Peoples Bank and First Federal-Home Savings Banks existing small business clients in Ohio. The partnership will help small businesses maintain operations and payroll during the COVID-19 pandemic. JobsOhio has committed up to $50 million in assistance.,,,,,,,,,,,Y,
21-Apr-20," The Governor announced the Ohio Bureau of Workers Compensation board of directors approved the distribution of 170,000 dividend checks over the next five days to private employers and local governments. ",,,,,,,,,,,Y,
22-Apr-20, The Director of the Ohio Department of Health issued an order that directs healthcare providers in hospitals and outpatient surgery centers to reassess procedures and surgeries that were postponed. ,,,,,,Y,,,,,,
22-Apr-20, The Ohio Department of Mental Health and Addiction Services launched a mental health COVID CareLine.,,,,,,Y,,,,,,
24-Apr-20, The Governor announced the Testing Strike Team reached an agreement with Thermo Fisher to substantially expand testing capacity throughout the state. ,,,,Y,,,,,,,,
24-Apr-20, The Governor announced ROE Dental Laboratory in Cleveland will manufacture up to 1 million testing swabs to support the states testing efforts. ,,,,Y,,,,,,,,
24-Apr-20, The Governor announced the state partnered with Massachusetts-based Partners in Health to bring needed resources to increase the states ability to trace contact exposure to the virus. ,,,,,,Y,,,,,,
24-Apr-20, The Governor announced the state will cover the costs to keep more than 200 youth who are aging out of foster care in the foster care system until the pandemic ends. ,,,,,,,,,,,Y,
24-Apr-20,"The Centers for Medicare & Medicaid Services (CMS) approved Ohios request for a Section 1135 Medicaid waiver. The approved waiver enables Ohio to provide flexibilities in Medicaid provider screening and enrollment, lift prior authorization requirements, allow for reimbursement facility services in alternative settings, and waive public comment and tribal consultation requirements for certain changes to the Medicaid state plan.",,,,,,Y,,,,,Y,
28-Apr-20," The Governor announced the state will not require customers entering retail establishments to wear face coverings; however, wearing face masks in public is still strongly recommended. ",,,,,,,,,,Y,Y,
28-Apr-20," The Governor established two separate advisory groups to develop best practices for reopening dine-in restaurants, barbershops, and salons. ",,,,,,,,,,,Y,
29-Apr-20," The Governor announced the state has shipped 4.1 million pieces of personal protective equipment (PPE) to local emergency management agencies (EMAs) across Ohio, the largest one-time distribution of PPE from the state to local EMAs in Ohios history.",,,,,,Y,,,,,,
29-Apr-20," The Governor announced at least $16 million in grant funding is available for local law enforcement agencies to support:Taking measures to help prevent the spread of COVID-19 such as purchasing cleaning supplies and personal protective equipment;Taking measures to prepare for COVID-19 such as supporting proper planning, staffing, and communications to ensure effective operations and maintain the safety of criminal justice employees, citizens, and correctional populations; and,Taking measures to respond to the spread of COVID-19 such as medical visits, hospitalizations, purchasing medical supplies, and securing alternative housing. ",,,,,,,,,,,Y,
29-Apr-20," The Department of Education and Department of Health issued the following suggestions for local schools and health departments:Virtual graduation ceremonies (preferred);Drive-in ceremonies where students drive to a designated location at a designated time to get their diplomas; and, Outdoor ceremonies with 10 people or less who are socially distanced. ",,,,,Y,,,,,,,
1-May-20,"2  The Governor issued a Stay Safe Ohio Order, which incorporates the reopening of businesses and services announced as part of the Responsible Restart Ohio plan. ",,Y,,,,,,,,,,
4-May-20," The Governor outlined three priority testing categories made possible through a steady supply of testing reagent and swabs through a partnership with Ohio, Thermo Fisher, and ROE Dental Scientific. ",,,,Y,,,,,,,,
4-May-20, The Lt. Governor announced that Ohio Bureau of Motor Vehicle deputy registrars around the state may begin reopening as early as the end of the month. ,,,,,,,,,,,Y,
7-May-20," The Governor announced the next phase of the Responsible RestartOhio plan as it relates to restaurants, bars, and personal care services. These entities in Ohio will be permitted to reopen as follows: May 15: Outdoor dining and personal care services May 21: Dine-in service",,,,,,,,,,,Y,
12-May-20," The Governor announced the Ohio Department of Job and Family Services received federal approval for its Pandemic EBT Plan, which will allow the agency to distribute SNAP benefits to 850,000 students across Ohio who relied on free or reduced-price meal programs when school was in session to have access to a hot, nutritious meal.",,,,,,,,,,,Y,
12-May-20," The Lt. Governor announced that sectors licensed by the State Medical Board of Ohio, including massage therapy, acupuncture, and cosmetic therapy will be permitted to reopen on May 15 with the implementation of proper safety measures.",,Y,,,,,,,,,,
12-May-20, The Governor announced tattoo and body piercing services will be permitted to reopen on May 15 with the implementation of proper safety measures.,,Y,,,,,,,,,,
12-May-20," The Governor announced the Staying Connected Program, which will provide a daily check-in by phone for Ohioans age 60 or older.",,,,,,,,,,,Y,
14-May-20, The Governor announced campgrounds will be permitted to reopen with required safety protocols beginning May 21.,,Y,,,,,,,,,,
14-May-20, The Governor announced horse racing (no spectators) will be permitted to open with required safety protocols beginning May 22.,,Y,,,,,,,,,,
14-May-20," The Governor announced Ohio Bureau of Motor Vehicles (BMV) locations, gyms and fitness centers, adult and youth sports leagues (non-contact, limited contact), and public/club pools will be permitted to reopen with required safety protocols beginning May 26.",,Y,,,,,,,,,,
14-May-20, The Governor announced childcare providers will be permitted to reopen with required safety protocols beginning May 31.,,Y,,,,,,,,,,
18-May-20, The Governor announced that the state is assembling an enforcement team to ensure that bars and restaurants are operating safely under the Responsible RestartOhio plan.,,,,,,,,,,,Y,
18-May-20, The Governor ordered mass testing to take place at Ohios two state nursing home facilities for veterans.,,,,Y,,,,,,,,
21-May-20, The Governor announced the following health orders have been signed:Camp Safe Ohio Order to reopen campgrounds with exceptions;Directors Order rescinding and maintaining portions of the Stay Safe Ohio Order; andUrgent Health Advisory: Ohioans Protecting Ohioans advising elderly people and those who are vulnerable because of illness to take additional precautions.,,Y,,,,,,,,,,
26-May-20, The Governor announced the formation of Congregate Care Unified Response Teams to test residents and staff members in Ohios nursing homes.,,,,Y,,,,,,,,
28-May-20, The Governor announced the State of Ohio Board of Pharmacy has clarified rules that allow pharmacists to order and administer tests for COVID-19.,,,,,,Y,,,,,,
28-May-20,"0  The Governor announced the state expanded testing prioritization to allow partners and communities to test Ohioans in Priority Group 4 which includes testing individuals in the community to decrease community spread, including individuals with symptoms who do not meet any of first three priority groups.",,,,Y,,,,,,,,
28-May-20," The Governor announced a plan to lift restrictions on visitation at assisted living homes in Ohio on June 8 to allow for outdoor visitations. At a minimum, all facilities must develop a policy that includes:Screening for temperatures and symptom-reporting for visitors;Scheduled hours and time limits for visits;Proper social distancing measures;Face coverings;Resident, family, and friend education about the risks of the spread of COVID-19",,Y,,,,,,,,,,
28-May-20," The Ohio Bureau of Workers Compensation is deferring Ohio employers premium installments for the months of June, July, and August designed to help employers focus financial resources on re-opening their businesses under the Responsible RestartOhio Plan.",,,,,,,,,,,Y,
28-May-20, The Governors Fair Advisory Group released guidelines for how county fair boards and agricultural societies can work with county health departments to safely operate junior fairs for kids.,,,,,,,,,,,Y,
29-May-20, The Governor announced an order signed by the Ohio Department of Health Director which revises business guidance and social distancing.,,,,,,,,,,Y,Y,
29-May-20, The Governor announced an order signed by the Ohio Department of Health Director which rescinds a previous order restricting the sale of spirituous liquor in certain instances in certain counties.,,,,,,,,,,,Y,
30-May-20," The Governor announced an order signed by the Ohio Department of Health Director which provides for the reopening of child care services, with exceptions.",,Y,,,,,,,,,,
2-Jun-20," The Governor announced the state intends to reopen schools in the fall, but individual starting dates will be up to each local school board.",,,,,Y,,,,,,,
2-Jun-20," The Governor announced health care providers, including dentists, may resume all surgeries and procedures that had previously been delayed if they meet safety criteria, including:Maintaining adequate inventories of PPE, supplies, equipment, and medicine;Creating a plan for the conservation and monitoring use of PPE, as well as other supplies and equipment that could include decontamination and reuse;Maintaining a reliable supply chain to support non-COVID-19 cases and to respond to an unexpected surge in COVID-19 cases, if needed;Defining processes for timely COVID-19 testing of patients and staff; and,Continuing the use of telehealth whenever possible.",,Y,,,,Y,,,,,,
5-Jun-20," The Governor announced that a multitude of sectors, such as casinos and amusement parks, could reopening. An amended order was also signed that allows properly prepared assisted living facilities andintermediate care facilities for individuals with developmental disabilities to begin to allow outdoor visitation on June 8.",,Y,,,,,,,,,,
9-Jun-20," The Governor announced the state has delivered over 30 million pieces of PPE, whereby 27.8 million pieces have been shipped to county EMAs for local distribution.",,,,,,Y,,,,,,
9-Jun-20," The Governor announced that GOJO, an Akron-based manufacturer of hand sanitizer, and part of the Ohio Manufacturing Alliance, is expanding in Navarre and Maple Heights to meet the demand for their products.",,,,,,,,,,,Y,
11-Jun-20, The Governor announced the state is expanding testing and encourage those who want a COVID-19 test including those who are low-risk or asymptomaticto talk with their health care provider or contact a testing location to arrange a test.,,,,Y,,,,,,,,
11-Jun-20," The Governor announced a series of pop-up testing locations, beginning with six locations in Columbus.",,,,Y,,,,,,,,
11-Jun-20," The Governor released the latest basic reproduction number or R0 for eight regions of Ohio. With the states interventions, the R0 for the state measured slightly lower than 1.0 on June 1. However, the state is beginning to see a slight increase in the R0 measurements in certain parts of Ohio, such as the Dayton region.",,,,,,,,,,,Y,
11-Jun-20, The Governor sent a letter to the ministerial community in Ohio to update them on the status of COVID-19 and provide suggested best practices for resuming in-person services.,,,,,,,,,,,Y,
11-Jun-20, The Lt. Governor announced the Ohio Department of Job and Family Services will receive an $8.5 million federal Employment Recovery National Dislocated Worker Grant to help reemploy individuals who lost their jobs as a result of the pandemic and to help employers rebuild their workforces.,,,,,,,,,,,Y,
18-Jun-20,"The Governor announced that pop-up testing sites will surge in Montgomery County, Greene County, Clark County, Warren County, and Hamilton County, zip codes with the highest number of cases.",,,,Y,,,,,,,,
18-Jun-20,"The Governor announced the creation of the Hospital PPE Readiness Stockpile, which will be compiled and stored by Ohio hospitals throughout the state.",,,,,,Y,,,,,,
18-Jun-20,The Governor issued an executive order that expands the definition of good cause for filing an unemployment claim through the state of emergency.,,,,,,,,,,,Y,
18-Jun-20,The Lt. Governor announced that Phase II of the Responsible RestartOhio plan for sports activities will allow contact practice for all sports to resume on June 22.,,Y,,,,,,,,,,
23-Jun-20,The Governor announced two public awareness campaigns aimed at spreading awareness of COVID-19 prevention measures that impact the well-being of Ohioans and the Ohio economy.,,,,,,,,,,,Y,
23-Jun-20,"The Governor announced the first round of funding, approximately $2.1 million, is being distributed to 65 local criminal justice agencies as part of the Coronavirus Emergency Supplemental Funding Grant.",,,,,,,,,,,Y,
25-Jun-20, The Governor announced the reproductive rate of COVID-19 has doubled over the last 10 days in the Cincinnati region.,,,,,,,,,,,Y,
25-Jun-20, The Governor announced that the Ohio Department of Health will continue funding for the 2-1-1 service as Ohio enters into the next phase of the pandemic.,,,,,,,,,,,Y,
29-Jun-20, The Governor announced last week was the first week of increasing COVID-19 hospital utilization in Ohio after over two months of decreasing utilization since late April.,,,,,,,,,,,Y,
29-Jun-20," The Governor explained that the increase in positive COVID-19 cases is not fully due to Ohio’s increase in testing, rather it is a sign of broader community spread.",,,,,,,,,,,Y,
29-Jun-20," The Governor announced that beginning on July 20, nursing homes are permitted to begin outdoor visitation as long as all safety standards are met. When assessing their readiness to permit outdoor visitation, nursing homes should consider: Case status in the surrounding community; Case status in the nursing home; Staffing levels; Access to adequate testing for residents and staff; Personal protective equipment supplies; and Local hospital capacity .",,Y,,,,,,,,,,
29-Jun-20, The Governor announced the extension of existing health orders through this week as his administration finalizes plans to help local schools safely reopen.,Y,,,,,,,,,,,
2-Jul-20,The Governor issued guidance for schools to safely reopen in the fall.,,,,,Y,,,,,,,
2-Jul-20,"The Governor announced that going forward, Ohio will implement a new alert system that will provide health departments and community leaders data and information to combat flare-ups as they occur in different parts of the state.",,,,,,,,,,,Y,
2-Jul-20,The Governor announced the Ohio Department of Commerce’s Division Control has granted over 300 expansion requests to bars and restaurants to allow patrons more opportunities to enjoy dinner or drinks in a safe environment.,,Y,,,,,,,,,,
2-Jul-20,The Lt. Governor announced the state will now be publicly reporting “Presumed Recovered” as a data point.,,,,,,,,,,,Y,
8-Jul-20,The Governor signed a health order requiring face coverings in public in all counties that are designated as a red Alert Level 3 Public Health Emergency or a Purple Alert Level 4 Public Health Emergency. ,Y,,,,,,,,,,,
9-Jul-20, The Governor announced that new public health data has led the Ohio Department of Health to designate 12 counties as being in a Red Alert Level 3 Public Emergency as defined by the Ohio Public Health Advisory System.,,,,,,,,,,,Y,
9-Jul-20, The Governor announced that the Ohio Department of Education developed guidance and best practices to help campuses safely reopen.,,Y,,,Y,,,,,,,
9-Jul-20, The Governor and leaders of the Ohio General Assembly requested that the Ohio Controlling Board approve an initial request to allocate $200 million for higher education and $100 million for K-12 schools to address increasing costs associated with the COVID-19 safety measures.,,,,,,,,,,,Y,
9-Jul-20," The Governor announced he is awarding an additional grant of $15 million to the Coalition on Homelessness and Housing. The grant supports efforts to rehouse individuals and families that could be at greater risk of contracting COVID-19, especially those in congregate facilities such as homeless shelters.",,,,,,,,,,,Y,
16-Jul-20,The Governor announced that new public health data has led the Ohio Department of Health to designate 19 counties as being in a Red Alert Level 3 Public Health Emergency as defined by the Ohio Public Health Advisory System.,,,,,,,,,,,Y,
16-Jul-20,The Governor signed an executive order to extend and improve emergency rules that will provide additional flexibilities to allow health care professionals to deliver services via telehealth.,,,,,,Y,,,,,,
16-Jul-20,The Lt. Governor announced that Ohio Development Services Agency awarded $20 million in grants to 68 Ohio manufacturers to produce personal protective equipment (PPE) and help ensure the safety of Ohioans during the coronavirus pandemic.,,,,,,Y,,,,,,
23-Jul-20,The Governor signed an executive order requiring individuals to wear face coverings when out in public.,Y,,,,,,,,,,,
4-Aug-20,Governor DeWine announced that the Ohio Department of Health will issue a health order requiring that K-12 children wear face coverings while at school.,Y,,,,Y,,,,,,,
25-Aug-20,"The Governor issued an order limiting the maximum number of spectators gathered at an outdoor sports venue to the lesser of 1,500 individuals or 15 percent of fixed, seated capacity. ",,Y,,,,,,,,,,
27-Aug-20,Governor DeWine announced that the Ohio Department of Health will be issuing an order that requires K-12 schools to establish a mechanism for parents and guardians to report confirmed cases of COVID-19 among their children.,,,,,Y,,,,,,,
15-Sep-20,Governor DeWine and Director Ursel McElroy of the Ohio Department of Aging announced that adult day care and senior centers will open on September 21st,,Y,,,,,,,,,,
17-Sep-20,Governor DeWine announced the state has launched the Schools Dashboard and the Children’s Dashboard to provide school districts and parents the best information to make decisions about their child’s education and social interactions,,,,,Y,,,,,,,
17-Sep-20,Governor DeWine announced that the state is releasing the Rapid Response Guide for Migrant and Seasonal Farmworkers,,,,,,,,,,,,
23-Sep-20,"Governor Mike DeWine announced an order to reopen self-serve food stations, bars, restaurants, and catering with exceptions",,Y,,,,,,,,,,
24-Sep-20,Governor DeWine announced that Ohio's ResponsibleRestart guidelines for higher education will now include a recommendation that all residential colleges and universities regularly test a sample population of asymptomatic students.  ,,,,Y,Y,,,,,,,
24-Sep-20,"Governor DeWine announced two new health orders that will allow for indoor visitation at nursing homes, assisted living facilities, and intermediate care facilities in Ohio.",,Y,,,,,,,,,,
24-Sep-20,Lt. Governor Husted announced that the one-game-per-calendar-day limit on sports competitions has been removed from the current sports order,,Y,,,,,,,,,,
12-Oct-20,Governor DeWine announced that Ohio Department of Health Interim Director Lance Himes has signed the order that allows nursing facilities to permit indoor visitation beginning,,Y,,,,,,,,,,
13-Oct-20,"Governor DeWine announced the creation of a new Lab Capacity Dashboard to help pharmacists, nursing homes, colleges and universities, employers, and others administering COVID-19 tests find a lab to run their samples.",,,,Y,,,,,,,,
13-Oct-20,Governor DeWine announced deployment thousands of Abbott BinaxNOW COVID-19 antigen screening tests to colleges and universities to help them implement proactive screening plans,,,,Y,,,,,,,,
16-Oct-20,Iterim Director of the Ohio Department of Public Health amended order on the opening of adult day care services and senior centers,,Y,,,,,,,,,,
23-Oct-20,"Governor DeWine announced CARES Act funding to support small businesses, nonprofits, and Ohioans impacted by COVID-19",,,,,,,,,,,Y,
27-Oct-20,Governor DeWine announced that 82 of Ohio's 88 counties are now considered high incidence counties as defined by the federal government.,,,Y,,,,,,,,,
11-Nov-20,"Governor DeWine announced new mask, and social distancing orders",Y,,,,,,,,,,,
12-Nov-20,Governor DeWine announced $30 million to assist Ohio Health Departments,,,,,,,,,Y,,,
13-Nov-20,Governor Mike DeWine announced that Ohio Department of Health Interim Director Lance Himes signed a health order to enforce mask-wearing in retail locations across the state,Y,,,,,,,,,,,
16-Nov-20,Governor Mike DeWine announced that Ohio Department of Health Interim Director Lance Himes signed a revised health order to limit mass gatherings in Ohio,Y,,,,,,,,,,,
17-Nov-20,Governor DeWine announced that the Ohio Department of Health will be issuing a 10 p.m. to 5 a.m. statewide curfew for 21 days,Y,,,,,,,,,,,
30-Nov-20,"Governor DeWine today announced a new program to help improve indoor air quality and reduce the transmission of COVID-19 at senior living facilities, including nursing homes, assisted living centers, and adult day centers. ",,,,,,,,,,,Y,
7-Dec-20,Ohio Department of Health will begin including antigen tests without an epidemiological link in the total case count,,,,,,,,,,,Y,
7-Dec-20,"Lt. Governor Husted announced the launch of the DataOhio Portal, which delivers datasets and interactive visualizations to Ohioans.",,,,,,,,,,,Y,
11-Dec-20,Governor DeWine today unveiled the new Stay Safe Ohio Protocol. The protocol was developed in partnership with medical professionals across the state to inform Ohioans how to safely live with the virus.,,,,,,,,,,,Y,
14-Dec-20,Vaccinations Begin in Ohio,,,,,,,,,,,,Y
18-Dec-20,"Facilities in Ohio will be among the first in the nation to receive vaccines through Walgreen’s, CVS, PharmScript, and Absolute Pharmacy. Ohio was invited by the CDC to participate in the scaling up of the federal program.",,,,,,,,,,,,Y
30-Dec-20,"Ohio Governor Mike DeWine today provided a COVID-19 Update: School Quarantine Guidance Change, Curfew Extension, Bar and Restaurant Grants Still Available",Y,,,,,,,,,Y,Y,
20-Jan-21,Phase 1B of Ohio's vaccination program started today. Vaccinations will also be available for personnel in Ohio schools in Phase 1B.,,,,,Y,,,,,,,Y
25-Jan-21,"Ohio Governor Mike DeWine announced that the Ohio Department of Health will extend Ohio's 10 p.m. to 5 a.m. curfew until January 30, 2021 (order). The curfew does not apply to those going to and from work, those who have an emergency, or those who need medical care. The curfew is not intended to stop anyone from getting groceries or going to the pharmacy.  Picking up carry-out or a drive-thru meal and ordering for delivery is permitted, but serving food and drink within an establishment must cease at 10:00 p.m.",Y,,,,,,,,,,,
28-Jan-21,Every public school district in the state - except for one - has agreed to resume in-person schooling by March 1 which was a requirement for staff to have early access to the vaccine.,,,,,Y,,,,,,,Y
2-Feb-21,"Governor DeWine today outlined steps that Ohio has taken and will take to address inequities in healthcare as they relate to vaccine accessibility. Instead of offering the ""mega vaccination sites"" being seen in other states, Ohio's vaccination plan focuses on ensuring that there are multiple vaccine providers in every county in the state. This week, more than 700 providers across Ohio are receiving the vaccine to help ensure that Ohioans have access to vaccine close to home. ",,,,,,,,,,,,Y
8-Feb-21,"Governor DeWine announced that Ohio's maintenance COVID-19 vaccine program plan to ensure residents and staff within nursing homes and assisted living facilities have continuing access to the life-saving vaccine is nearly complete. The plan will outline how nursing homes and assisted living facilities will move forward to vaccinate new residents, new workers, and workers who initially declined the vaccine but are now willing to be vaccinated. The plan will leverage existing relationships between nursing homes, assisted living facilities, and the pharmacies that regularly provide them with prescription drugs. ",,,,,,,,,,,,Y
11-Feb-21,"Ohio Governor Mike DeWine today announced that Ohio Department of Health Director Stephanie McCloud signed the Addendum to Director’s Third Amended Order that Reopens Restaurants, Bars, Banquet and Catering Facilities and Services to Dine-In Service, with Exceptions. This amended order, reopens self-service food stations in restaurants, bars, banquet and catering facilities, and services, as long as the following conditions are met",,Y,,,,,,,,,,
18-Feb-21,"As a result of continued bad weather, vaccine shipments in Ohio continue to be delayed.",,,,,,,,,,,,Y
1-Mar-21,"Governor DeWine outlined the individuals who are included in Phase 1C and Phase 2 of Ohio's vaccination plan which will go into effect on March 4. Phase 1C Medical groups include T1DM, Pregnancy, bone marrow transplant, ALS",,,,,,,,,,,,Y
8-Mar-21,"Governor DeWine outlined the individuals who are included in Phase 1D and Phase 2B of Ohio's vaccination plan, which will go into effect on Thursday, March 11. ",,,,,,,,,,,,Y
23-Mar-21,"Health Director Signs Amended Orders on Visitation with Nursing Homes and Assisted Living Facility Residents. General visitation requirements for nursing homes and assisted living facilities remain the same, including the requirement that visitors schedule appointments in advance, are screened at the door, and wear masks. Ohio is requiring that visitation be permitted whenever safety protocols can be met. Previously, visitation was permitted, not required. Vaccinated residents may have physical touch with their visitor while wearing a mask. Previously, touch was discouraged. Visits may occur in a resident’s private room, as opposed to the previous requirement of a separate visitation area.",,,,,,,,,,,Y,
2-Apr-21,Governor DeWine announced that the state will begin working with local colleges and universities to offer vaccination clinics on campuses across the state.,,,,,Y,,,,,,,Y
5-Apr-21,Governor DeWine announced that the Ohio Department of Health will issue a simplified health order that streamlines previous orders into a single order that underscores the most important tenants of infection prevention. ,,,,,,,,,,,Y,
9-Apr-21,"Ohio Governor Mike DeWine announced that Ohio Department of Health Director Stephanie McCloud signed the Amended Order for Social Distancing, Facial Coverings and Non-Congregating to clarify that: Six feet of separation between tables at restaurants, drinking establishments and banquet facilities must be maintained unless there is a physical barrier between them. Other than the facial covering requirements, the social distancing, congregating, and capacity requirements of the order do not apply to religious observances and First Amendment activity, including activity by the media, as has been the case since the beginning of the pandemic.",,,,,,,,,,Y,Y,
27-Apr-21,"Addendum to Director’s Amended Order for Social Distancing, Facial Coverings, and Non-Congregating that does not require individuals who are fully-vaccinated to quarantine after exposure to someone with COVID-19, unless they live and work in a nursing home, long-term care facility, or other congregate care setting where those individuals are subject to CDC or other industry guidance.",,,,,,,,,,,Y,
27-Apr-21,"Governor DeWine announced that any Ohioan who has been fully vaccinated will no longer have to quarantine if they are exposed to someone with COVID-19. This health order applies to all adults, except those who are in nursing homes, assisted living facilities, or other congregate care settings.  Nursing homes and long-term care facilities, including staff and residents, should continue to quarantine following CDC guidance.",,,,,,,,,,,Y,
3-May-21,Governor DeWine announced that a new Ohio Department of Health order will exempt fully vaccinated staff in nursing homes and assisted living facilities from routine testing. Staff members who are not fully vaccinated will be required to be tested twice a week. ,,,,Y,,Y,,,,,,
5-May-21,Ohio Governor Mike DeWine changed the orders regarding COVID-19 testing frequency of residents and staff at assisted living facilities and nursing homes and opening of Senior Centers and Older Adult Day Services Centers,,,,Y,,,,,,,,
11-May-21,"Governor DeWine detailed a series of statewide drawings to provide incentives for Ohioans to get a COVID-19 vaccination. Ohioans aged 18 and older will be entered into ""Ohio Vax-a-Million,"" a weekly drawing with a prize of up to $1 million. ",,,,,,,,,,,,Y
14-May-21,Ohio will be amending our remaining health orders to comply with the new CDC guidance,,,,,,,,,,,Y,
14-May-21,"Ohio Governor Mike DeWine signs House Bill 6, sponsored by Representative Bill Roemer, eases burdensome requirements on administering COVID-19 vaccines, increasing the ability of medical professionals and their patients to access lifesaving vaccinations.",,,,,,Y,,,,,,Y
1-Jun-21,Ohio Governor Mike DeWine today announced that Ohio Department of Health Director Stephanie McCloud signed an order rescinding the following COVID-19-related health orders: The Director’s Order to Limit Access to Ohio’s Jails and Detention Facilities. The Director’s Order to Release Protected Health Information to Ohio’s First Responders. The Director’s Order Requiring the Use of Facial Coverings in Child Education Settings. The Director’s Order for Retail and Business Compliance for Facial Coverings through the State of Ohio. The Third Amended Director’s Order on the Opening of Senior Centers.,,Y,,,,Y,,,,,Y,
18-Jun-21,Governor DeWine announced that the state emergency in Ohio caused by the COVID-19 pandemic will be lifted,,Y,,,,,Y,,,,,
27-Jul-21,"The Ohio Department of Health released updated recommendations for K-12 schools. The guidance strongly recommends COVID-19 vaccinations for staff and eligible students; consistent mask-wearing for individuals who are not yet fully vaccinated; and layering prevention measures that include good ventilation, regular cleaning, handwashing, covering coughs and sneezes, and staying home when sick.",,,,,Y,,,,,,Y,
,,,,,,,,,,,,,
,,,,,,,,,,,,,